0.0 0.81125
0.005 0.81125
0.01 0.81125
0.015 0.81125
0.02 0.81125
0.025 0.81125
0.03 0.81125
0.035 0.8112166666666667
0.04 0.8111333333333334
0.045 0.8110166666666667
0.05 0.8107333333333333
0.055 0.8103666666666667
0.06 0.8099166666666666
0.065 0.8092833333333334
0.07 0.8084333333333333
0.075 0.8076666666666666
0.08 0.8064333333333333
0.085 0.8052666666666667
0.09 0.8039333333333334
0.095 0.8028
0.1 0.8013666666666667
0.105 0.7999833333333334
0.11 0.79825
0.115 0.79655
0.12 0.7948333333333333
0.125 0.7930666666666667
0.13 0.7912
0.135 0.7893833333333333
0.14 0.7875666666666666
0.145 0.7859166666666667
0.15 0.7843833333333333
0.155 0.7825
0.16 0.7807666666666667
0.165 0.77895
0.17 0.7772
0.17500000000000002 0.7755333333333333
0.18 0.77385
0.185 0.7719833333333334
0.19 0.7704166666666666
0.195 0.7687333333333334
0.2 0.76675
0.20500000000000002 0.7649333333333334
0.21 0.7636833333333334
0.215 0.7615666666666666
0.22 0.7598666666666667
0.225 0.75805
0.23 0.7562
0.23500000000000001 0.7545166666666666
0.24 0.7529666666666667
0.245 0.75125
0.25 0.7495
0.255 0.7477166666666667
0.26 0.7459833333333333
0.265 0.7442
0.27 0.7429
0.275 0.7414166666666666
0.28 0.7398166666666667
0.28500000000000003 0.73825
0.29 0.7365833333333334
0.295 0.7348166666666667
0.3 0.7334166666666667
0.305 0.7319833333333333
0.31 0.7302666666666666
0.315 0.7290166666666666
0.32 0.7275666666666667
0.325 0.7258166666666667
0.33 0.7241666666666666
0.335 0.72245
0.34 0.7210666666666666
0.34500000000000003 0.7194166666666667
0.35000000000000003 0.7181
0.355 0.7167166666666667
0.36 0.7156833333333333
0.365 0.7144666666666667
0.37 0.7132333333333334
0.375 0.7120666666666666
0.38 0.7107666666666667
0.385 0.7096833333333333
0.39 0.7085166666666667
0.395 0.7073833333333334
0.4 0.7062333333333334
0.405 0.7047666666666667
0.41000000000000003 0.7036333333333333
0.41500000000000004 0.7026666666666667
0.42 0.7015
0.425 0.7003
0.43 0.6993
0.435 0.6979833333333333
0.44 0.6969166666666666
0.445 0.6959166666666666
0.45 0.6948
0.455 0.6936166666666667
0.46 0.6926166666666667
0.465 0.6915
0.47000000000000003 0.6904833333333333
0.47500000000000003 0.6894666666666667
0.48 0.6885333333333333
0.485 0.68755
0.49 0.6867666666666666
0.495 0.6857666666666666
0.5 0.6847333333333333
0.505 0.6837333333333333
0.51 0.6829333333333333
0.515 0.68195
0.52 0.6811166666666667
0.525 0.6802833333333334
0.53 0.67925
0.535 0.6784166666666667
0.54 0.67735
0.545 0.6764833333333333
0.55 0.6754833333333333
0.555 0.6748
0.56 0.6738666666666666
0.5650000000000001 0.6730333333333334
0.5700000000000001 0.6721666666666667
0.5750000000000001 0.6713333333333333
0.58 0.6705
0.585 0.6697166666666666
0.59 0.6687833333333333
0.595 0.6679666666666667
0.6 0.6671166666666667
0.605 0.6663
0.61 0.6655
0.615 0.6646333333333333
0.62 0.6637666666666666
0.625 0.6630166666666667
0.63 0.6622833333333333
0.635 0.6614166666666667
0.64 0.6605666666666666
0.645 0.65985
0.65 0.6591333333333333
0.655 0.65845
0.66 0.6580166666666667
0.665 0.65735
0.67 0.6568166666666667
0.675 0.6560833333333334
0.68 0.6555833333333333
0.685 0.6549333333333334
0.6900000000000001 0.6543333333333333
0.6950000000000001 0.6536833333333333
0.7000000000000001 0.6529166666666667
0.705 0.6522
0.71 0.6516
0.715 0.65085
0.72 0.6501333333333333
0.725 0.6495166666666666
0.73 0.6487833333333334
0.735 0.6479
0.74 0.6472833333333333
0.745 0.6465333333333333
0.75 0.6460166666666667
0.755 0.64545
0.76 0.6448666666666667
0.765 0.6442166666666667
0.77 0.6435333333333333
0.775 0.6430166666666667
0.78 0.6423166666666666
0.785 0.6418166666666667
0.79 0.6411666666666667
0.795 0.64065
0.8 0.63995
0.805 0.63935
0.81 0.6388
0.8150000000000001 0.6381833333333333
0.8200000000000001 0.6375666666666666
0.8250000000000001 0.6370833333333333
0.8300000000000001 0.6365833333333333
0.835 0.6359333333333334
0.84 0.6353666666666666
0.845 0.6348
0.85 0.6344
0.855 0.6338833333333334
0.86 0.63335
0.865 0.63275
0.87 0.6321833333333333
0.875 0.6316666666666667
0.88 0.6311833333333333
0.885 0.6306166666666667
0.89 0.63015
0.895 0.6296666666666667
0.9 0.6291666666666667
0.905 0.62865
0.91 0.6281
0.915 0.6275833333333334
0.92 0.6269666666666667
0.925 0.6266333333333334
0.93 0.6261
0.935 0.6256
0.9400000000000001 0.6251833333333333
0.9450000000000001 0.6248333333333334
0.9500000000000001 0.6243
0.9550000000000001 0.6238
0.96 0.62335
0.965 0.6230166666666667
0.97 0.6225166666666667
0.975 0.6220666666666667
0.98 0.6216166666666667
0.985 0.621
0.99 0.6205666666666667
0.995 0.6199333333333333
