2.542358161600507140e-06
2.529778469652609283e-06
2.582628209472326536e-06
2.557365898559671123e-06
2.502412223956565679e-06
2.539324213108979722e-06
2.504914986896154383e-06
2.518426236614017768e-06
2.516648666678772292e-06
2.538150680762005165e-06
2.534488767241746651e-06
2.500171529157834599e-06
2.545758664627675367e-06
2.529218215411469093e-06
2.565172164420691038e-06
2.547969764418302148e-06
2.480688743311878544e-06
2.514940475673161034e-06
2.504267760740298158e-06
2.525503919688214407e-06
2.546227694356245702e-06
2.522016678054438696e-06
2.548965898612404645e-06
2.541080530508153704e-06
2.528407443629522731e-06
2.562036157733725741e-06
2.491519062898669873e-06
2.516095402051001529e-06
2.509559485968174294e-06
2.490915805007332972e-06
2.545601928532843052e-06
2.552491570262663473e-06
2.474494161632064116e-06
2.526924476979312980e-06
2.473955991156646960e-06
2.497105647483540229e-06
2.533571237682231605e-06
2.573573287075457501e-06
2.543020647589228393e-06
2.523829685352692962e-06
2.531287059052083608e-06
2.515121564307320647e-06
2.537192090035629522e-06
2.538908010176969319e-06
2.533137614064093088e-06
2.519544496001182694e-06
2.547548349675656276e-06
2.532326654755539205e-06
2.540445120016221575e-06
2.550403741906227089e-06
2.475308971854619266e-06
2.489329410928086583e-06
2.542165432823921606e-06
2.500426676001659354e-06
2.508144142996196298e-06
2.563709156706325827e-06
2.523484815577814257e-06
2.548358675867524522e-06
2.512043017925002250e-06
2.553248187957347088e-06
2.507467058533988484e-06
2.532175926071963283e-06
2.548551210555827132e-06
2.534438994753580681e-06
2.554143968486911881e-06
2.555300843801591859e-06
2.506040192065072374e-06
2.545997422278090684e-06
2.526287700063503880e-06
2.529184803968279254e-06
2.501630894755269158e-06
2.510467095283563447e-06
2.535789879360127660e-06
2.540282763095967030e-06
2.560313455323902085e-06
2.508013474306035464e-06
2.567578006096349402e-06
2.516351111955965153e-06
2.496066541861620319e-06
2.516459043007713656e-06
2.499530016005827581e-06
2.518865360199549374e-06
2.554635458001071654e-06
2.514549252302828851e-06
2.481712895774235308e-06
2.549844931275262164e-06
2.536053112458874925e-06
2.506005487816143263e-06
2.538869262515925696e-06
2.544241242831496275e-06
2.493637908653265282e-06
2.523090235685774261e-06
2.538303455481862060e-06
2.538331662568802727e-06
2.524477031555071636e-06
2.524721022290901998e-06
2.525630246275687026e-06
2.550742728752460850e-06
2.520343458234989941e-06
2.534883879515177443e-06
