1.278835026436432099e+00
1.176543101480654885e+00
1.539401048487121448e+00
1.497574764834765704e+00
1.484391619816334718e+00
1.386470508833745896e+00
1.225438235680612165e+00
1.514792214833621697e+00
1.223464632277910580e+00
1.410225062359629522e+00
1.489011568702869992e+00
1.567333837251285278e+00
1.544081186162822306e+00
1.575411683993036993e+00
1.370109670970207194e+00
1.399829139525293753e+00
1.424925778317186031e+00
1.510891883124074964e+00
1.333146864568321766e+00
1.620202893176427628e+00
1.238730929228412547e+00
1.168354645019479943e+00
1.253027966628229573e+00
1.529525786508915575e+00
1.350451777931916730e+00
1.407058455668532604e+00
1.257597076709801032e+00
1.228633899943753605e+00
1.315643429465118919e+00
1.497904374158483209e+00
1.435318393711712437e+00
1.484147715111602039e+00
1.271049567658378621e+00
1.303334311244974231e+00
1.547145649009760593e+00
1.496412384446653920e+00
1.558444242640898425e+00
1.166034458972031285e+00
1.345823564662552707e+00
1.325122066048275427e+00
1.473622822413194866e+00
1.499683727099307973e+00
1.353969701070806497e+00
1.442138696061109782e+00
1.367865872736140576e+00
1.503290204070846237e+00
1.274020102756601824e+00
1.352416694944419850e+00
1.439721358438134313e+00
1.435172545912906550e+00
1.211176498876169738e+00
1.611026217688682260e+00
1.561461859038367983e+00
1.489573518543731989e+00
1.124870823551766152e+00
1.462390538530778050e+00
1.373663676825529922e+00
1.489410970588452399e+00
1.341007358718940834e+00
1.215060908816897323e+00
1.300726456896750038e+00
1.628460167212345100e+00
1.341851109162104594e+00
1.432963914974556996e+00
1.073461768450054254e+00
1.546997438066083586e+00
1.488657559413363307e+00
1.140547527086144042e+00
1.281588537241080461e+00
1.583532587862846563e+00
1.461272445619075766e+00
1.609411218993063830e+00
1.317883208461260836e+00
1.370363839454147081e+00
1.349203184070606909e+00
1.385341776944427394e+00
1.406191565580459102e+00
1.602112574540091927e+00
1.246218501332172712e+00
1.488813286794811397e+00
1.355515061507065244e+00
1.458930981692531326e+00
1.385965885156540178e+00
1.500619562556565034e+00
1.461506207293859827e+00
9.804819846303726161e-01
1.438130688452360362e+00
1.657760955059213837e+00
1.311699905323006066e+00
1.258394575390781256e+00
1.484420486172660425e+00
1.264554421446984156e+00
1.507497439577571097e+00
1.281481787440870379e+00
1.223279850561180382e+00
1.568625274683906889e+00
1.722734813035965873e+00
1.174289580706443292e+00
1.551893482782544575e+00
1.537513901055382881e+00
