3.881860576502936144e+00
3.858431959682176782e+00
3.876769247483283110e+00
3.997286429496944127e+00
4.297836116847691734e+00
4.186026815371336696e+00
3.594643495723823357e+00
3.973649074614391097e+00
4.384729307394778175e+00
3.784513931392313513e+00
4.219910140249085728e+00
4.427320431602582040e+00
3.641557387539431367e+00
3.755318938341829949e+00
3.815713373374943540e+00
3.831799083582434928e+00
3.464532978611463587e+00
3.681888001739677563e+00
4.295587799493197245e+00
3.788802932123744416e+00
3.760852569888325725e+00
4.259287922964443140e+00
4.090341029238167891e+00
3.748448657594395605e+00
3.836476812502637390e+00
3.627150288836510139e+00
4.034331377830265630e+00
4.265249760061828432e+00
3.707851711549043916e+00
3.817811801065367217e+00
3.467305441779435782e+00
3.680112807416687115e+00
3.878710430469923587e+00
3.736055073161486551e+00
3.878211415455698585e+00
3.516283330704777832e+00
3.586453288012418028e+00
4.097496247428541238e+00
3.654191683916390598e+00
3.740020073519883415e+00
3.880071398290644513e+00
3.548172688061884461e+00
4.129125293095972538e+00
4.248784779190187599e+00
3.686705946984257576e+00
4.006662025167299745e+00
3.698445437333726549e+00
3.740656515644028346e+00
3.758046924276451151e+00
3.873777378420087736e+00
4.048079765088741233e+00
3.484902630963724324e+00
3.790198525601164103e+00
4.152186353201480884e+00
4.205535774191167420e+00
4.296726090863578484e+00
3.750627335525378747e+00
4.095054571114792985e+00
4.079865561301445176e+00
4.182110141469825848e+00
3.859294321456653964e+00
3.546349866611675061e+00
3.600964235695071736e+00
4.155833228839533433e+00
3.634704189452802492e+00
3.891327770454526380e+00
3.633285497406390174e+00
4.006501142611766930e+00
3.453326293682973169e+00
4.062910710803349090e+00
3.821929803924918101e+00
3.675620753943577679e+00
3.402974903247513616e+00
3.535880489444019226e+00
3.666724142576070378e+00
4.338929518119137185e+00
4.344883588077131265e+00
3.804537573501002079e+00
4.017188771317552920e+00
4.045276701070824821e+00
3.624231926419811511e+00
3.660091802690245366e+00
3.814284306904744071e+00
4.206388117004848048e+00
3.993671993778333817e+00
3.608629320546765218e+00
4.223946514625151138e+00
4.098037539620246861e+00
3.962848201938661052e+00
4.132448338848117686e+00
3.911471973243080491e+00
4.011247421584978490e+00
4.102246261505042568e+00
3.853217801121842978e+00
3.639748933257056063e+00
3.871375406164641930e+00
3.740376879399509580e+00
3.777455202624249164e+00
3.852938734323607228e+00
4.152923346583752284e+00
