3.677340605692826486e-04
3.642158546214894436e-04
3.762686579735352718e-04
3.730898525827326087e-04
3.832073108720713498e-04
3.742558348298701508e-04
3.769015619830335295e-04
3.688018082127831926e-04
3.641347405970881117e-04
3.655456303141875062e-04
3.765383242389688367e-04
3.732655978666643364e-04
3.677494013973569816e-04
3.737051512235204688e-04
3.604809470740621231e-04
3.690488535654404636e-04
3.713794404277154259e-04
3.636451864840836603e-04
3.714555225658181729e-04
3.686966544296732757e-04
3.730065779335442282e-04
3.624720769984701762e-04
3.722288818637771533e-04
3.725677191980759028e-04
3.695495571311235112e-04
3.595541573939757757e-04
3.670549835997920143e-04
3.663328764236007144e-04
3.740578374562052535e-04
3.661653226443757365e-04
3.676117156546680146e-04
3.679363872559551904e-04
3.638592849187384645e-04
3.751304205330167158e-04
3.692548769964298081e-04
3.741947788168258114e-04
3.755712042547033197e-04
3.829031329547557963e-04
3.722547720324693435e-04
3.752814738158536181e-04
3.710308630791704187e-04
3.550797767849883354e-04
3.807728816904275152e-04
3.745816097295706767e-04
3.665572109845706287e-04
3.625941125535970763e-04
3.629267364659955700e-04
3.736009394463906080e-04
3.757273316702468930e-04
3.717033429710688377e-04
3.730845491010884724e-04
3.703122162801768475e-04
3.773742230522440831e-04
3.702694821589785435e-04
3.585875011302845682e-04
3.652328286589420314e-04
3.710024835951953519e-04
3.667497127193328058e-04
3.809654067494907875e-04
3.694709043844560483e-04
3.791165254471828144e-04
3.707124167305229576e-04
3.706756065317526631e-04
3.742117705988411386e-04
3.802246697172184469e-04
3.690087561883846298e-04
3.723287459423755262e-04
3.617853331395333677e-04
3.744031914239302414e-04
3.825608205774018141e-04
3.659110165346565790e-04
3.630388324865885512e-04
3.735260532143560457e-04
3.742609969013878401e-04
3.670448943264654953e-04
3.570293304679722957e-04
3.681271901433985790e-04
3.829475061150856233e-04
3.670898574490220174e-04
3.659806616918523142e-04
3.711536275789815553e-04
3.768865361273231423e-04
3.685443306431903992e-04
3.676109779828936556e-04
3.654466005681921933e-04
3.812823658456349139e-04
3.701829844076168783e-04
3.807559798151019742e-04
3.698907479274224667e-04
3.682072987969970800e-04
3.690155071892229559e-04
3.781181459806796799e-04
3.624286899448023332e-04
3.654346706290014803e-04
3.688949418627357891e-04
3.788983686400363739e-04
3.704360521613467229e-04
3.762413818096701753e-04
3.690914000473202424e-04
3.843296398042358899e-04
