8.526359343142132785e-02
7.667850399476380807e-02
6.726071167100704240e-02
6.739616789634941818e-02
7.020866064664209316e-02
7.300096630355257243e-02
8.112127723221346232e-02
7.381935085343865888e-02
6.157125083467071547e-02
6.564837732578379659e-02
6.320451343920982512e-02
7.588683614513731801e-02
6.907320031622583845e-02
8.388761013002019040e-02
7.249237525073536081e-02
7.168346058703045642e-02
6.543105578310925985e-02
7.354858148318575706e-02
7.083741026368002569e-02
6.723295821474833955e-02
7.867108647282018696e-02
7.402296704356087220e-02
5.768541932283169360e-02
7.320291580795990072e-02
6.767869517075553176e-02
5.597092642715003480e-02
7.037359658868591605e-02
6.871572847262770456e-02
6.963710065583504638e-02
6.550586092441615382e-02
8.003186648955519511e-02
1.139426370345435258e+00
6.166023562278028641e-02
6.807706130615108486e-02
1.794554785713478873e-01
6.758349643175382004e-02
7.809975399997334811e-02
6.056259683050861653e-02
6.751370037938156377e-02
7.718919740889086667e-02
7.538794540129767352e-02
6.407069343002104456e-02
6.929477542119757971e-02
6.386723312820928589e-02
7.844656638471335375e-02
6.405704780145145272e-02
6.909738314509361601e-02
6.459699822894271470e-02
6.590854167312519551e-02
7.410979846362227008e-02
8.011103334006131060e-02
6.016515673954387494e-02
5.904979731007164306e-02
6.675495403028997021e-02
7.597587331670944966e-02
7.116232729305099758e-02
7.436610305655741437e-02
1.545465448062548486e+00
6.437457839408532168e-02
7.415688647904793152e-02
7.066709578666836855e-02
6.088711501610594851e-02
6.353367131736559204e-02
6.693211310917013268e-02
7.688528270099140305e-02
7.476918613808448966e-02
6.477875258377131795e-02
5.605112844237735564e-02
6.626475804193052155e-02
7.476376709233374662e-02
7.291978002768229050e-02
6.886681619845669289e-02
1.370075127265174553e-01
1.468351011067546563e-01
7.269295648556210743e-02
9.217879914488279203e-02
7.359726726731882773e-02
6.375853260324494676e-02
6.599136500717787956e-02
6.128664148795399946e-02
6.786517368220092161e-02
6.884019207805841534e-02
6.643485200780745170e-02
7.571451680697317832e-02
6.326086656938148534e-02
6.112479890540178928e-02
6.773088857918484196e-02
7.868230614881276119e-02
6.889973105934930897e-02
5.205279858286927797e-02
8.885886662747238818e-02
6.342247776172403595e-02
7.715609092827022120e-02
5.540544767197516651e-02
6.760830733652134494e-02
2.561707755410466691e-01
6.156250449435146654e-02
6.719336565278424822e-02
6.592279503763874560e-02
6.890125618605903723e-02
