1.290816886861389179e+00
1.171944771974593680e+00
8.413471057459032121e-01
1.110100817167038789e+00
1.044395342150761907e+00
1.351226706836264890e+00
1.146373824870564828e+00
9.027023597852734671e-01
1.415339924640859559e+00
1.044047724302207936e+00
1.131768064765178661e+00
1.026420601681643952e+00
1.192919861403652249e+00
1.230880987399370463e+00
1.201822749391631584e+00
1.308828730127564066e+00
1.187294900104084228e+00
1.193196105996703782e+00
1.274345263266956740e+00
1.075191766739122201e+00
1.053530396929341251e+00
1.292872965632358984e+00
1.404462300669984787e+00
1.130878365089252435e+00
9.986563701978102836e-01
1.096133837111428644e+00
1.196960256489919106e+00
1.281240446172430048e+00
1.166633178937850568e+00
1.269763824838094690e+00
1.055525818228194801e+00
1.317442330261430428e+00
9.531586595054684086e-01
1.344488009823703534e+00
1.265080058504581384e+00
1.005206036550570836e+00
1.217268129854510939e+00
1.192238769587002034e+00
1.041924384976682605e+00
9.717922720399551073e-01
9.862547160852118688e-01
1.087922183879634241e+00
9.793964405292023834e-01
1.262665311546250724e+00
1.103215312099844692e+00
9.869956429982422730e-01
1.115277336357116456e+00
1.158041573128985480e+00
1.290781732833765183e+00
1.149339301303081706e+00
1.156213185492263706e+00
1.036893633474642140e+00
1.168360019328735788e+00
1.166894915151228451e+00
1.292834865660363874e+00
1.140160885080092834e+00
1.147746086928361775e+00
1.183366359962056080e+00
1.123057258397138325e+00
1.306979805666997896e+00
1.091754164800529114e+00
1.018261651847503835e+00
9.243289862640358123e-01
1.086342415989308918e+00
1.126516889886089778e+00
1.261638462255877169e+00
1.343349478306244515e+00
1.010209554443176616e+00
1.074536914586460723e+00
1.256879623965976300e+00
1.188195939977372717e+00
1.055961657734375336e+00
1.141418027041193994e+00
1.045412456802823353e+00
1.033971132600355780e+00
1.125511758296245723e+00
1.022125863868055040e+00
1.278344187064204496e+00
1.027304383367566798e+00
1.281638923113746831e+00
1.054726885843552342e+00
1.098016707071415965e+00
1.310980632154418402e+00
9.321742042960131647e-01
9.883083148006274188e-01
1.049150959993202736e+00
1.182842118015777988e+00
1.237779922822661138e+00
1.236618844030974662e+00
1.142470796743447314e+00
1.208091869134309881e+00
1.213018770636567600e+00
1.137741995387524074e+00
1.022629883227589964e+00
1.116246584796539487e+00
1.026584809626493566e+00
1.225849808692159426e+00
1.151495099941981515e+00
1.172233450469848837e+00
1.125083896420550511e+00
