1.435042072698784255e+00
1.546530975607982361e+00
1.674416087165802036e+00
1.680776445217785797e+00
9.192907106524387251e-01
1.581114012268127311e+00
1.396922950939057939e+00
1.565512515851039455e+00
1.485790516800356675e+00
1.402207414761428517e+00
1.460845858813228926e+00
1.438069635165000193e+00
1.593515288321737389e+00
1.369553800903505758e+00
1.477217572158258552e+00
1.508500038092540851e+00
1.398481988710526647e+00
1.470042601731617049e+00
1.321443604531099103e+00
1.654867975568779626e+00
1.597031542557700190e+00
1.483068390161401240e+00
1.276617740054420747e+00
1.471753854130366967e+00
1.010980208154414139e+00
1.285457578258605293e+00
1.524713695286997295e+00
1.519916620722276734e+00
1.531493457676656345e+00
1.598028700002945390e+00
1.475751728917916950e+00
1.549965633751925420e+00
1.500337828286268937e+00
1.564589044215749736e+00
1.503902725350431568e+00
1.412383876115612447e+00
1.276325442693220014e+00
1.515070115934357586e+00
1.408356376758285622e+00
1.503463109327293656e+00
1.593625624008230934e+00
1.412131535444721031e+00
1.392050128054416192e+00
1.057157518871366664e+00
1.445434338629059345e+00
1.569882890565923894e+00
1.659341957444114835e+00
1.365143801426111470e+00
1.487353553292197317e+00
1.423381280152949291e+00
1.285520903642241031e+00
1.508834982281126891e+00
1.503711302783125703e+00
1.562847208579995817e+00
1.553705797620393625e+00
1.452243536383297062e+00
1.454453616763071944e+00
1.514092431666956173e+00
1.306713854564892197e+00
1.727782708773074827e+00
1.364951895913426583e+00
1.510652571104724951e+00
1.621526723182550089e+00
1.300473033612282503e+00
1.447914347255957690e+00
1.532816040587459572e+00
1.652700784819404856e+00
1.446401106223980548e+00
1.039328326782838818e+00
1.110428141710793071e+00
1.784219716903922004e+00
1.401001709978248799e+00
1.589715323913608147e+00
1.463098657312307926e+00
1.144684545178506596e+00
1.317050457247382900e+00
1.600442945347923862e+00
1.467465619769854124e+00
1.559575032381890436e+00
1.444283578507967736e+00
1.613671820587163852e+00
1.633550605598499184e+00
1.453020373948718191e+00
1.747428421969601242e+00
1.454117667570505867e+00
1.444895085047132044e+00
1.290670895045885613e+00
1.541496998350464498e+00
1.462736898604079183e+00
1.393066691548035640e+00
1.445887985229327599e+00
1.530725274085557475e+00
1.329211376685316637e+00
1.674474619476011616e+00
1.453359574817473465e+00
1.497547434798354615e+00
1.539798523293076427e+00
1.509899647392489053e+00
1.605026556445523500e+00
1.669576300645282618e+00
