4.024395100529033287e-04
3.985892681805480015e-04
4.117795727943014943e-04
4.083007629118344593e-04
4.193730713910623440e-04
4.095767864695707122e-04
4.124722080620237636e-04
4.036080279700233401e-04
3.985004988993235287e-04
4.000445434341407935e-04
4.120746892150400865e-04
4.084930944186035309e-04
4.024562986944680686e-04
4.089741312779617455e-04
3.945018731724471710e-04
4.038783885956622518e-04
4.064289280630634842e-04
3.979647423880096281e-04
4.065121905662279862e-04
4.034929501420694928e-04
4.082096290936416895e-04
3.966809189480545363e-04
4.073585367993825851e-04
4.077293524115989929e-04
4.044263468058516622e-04
3.934876163364101672e-04
4.016963441833427398e-04
4.009060870672566433e-04
4.093601027989688789e-04
4.007227201506473433e-04
4.023056186548132416e-04
4.026609316218737722e-04
3.981990466812050308e-04
4.105339125006179620e-04
4.041038557946984564e-04
4.095099682043893416e-04
4.110162958423194427e-04
4.190401862299111303e-04
4.073868703912928726e-04
4.106992216619250813e-04
4.060474532082544372e-04
3.885909593955666984e-04
4.167088893307914726e-04
4.099333068604750930e-04
4.011515935364287004e-04
3.968144717903946740e-04
3.971784875797678316e-04
4.088600843592048281e-04
4.111871580151622396e-04
4.067833993912026982e-04
4.082949589062138365e-04
4.052609830476162434e-04
4.129894772233837479e-04
4.052142158301032335e-04
3.924297304485834209e-04
3.997022206569527140e-04
4.060163953682251756e-04
4.013622629090239213e-04
4.169195842289534341e-04
4.043402710891117651e-04
4.148962120009500997e-04
4.056989530113202136e-04
4.056586687952344551e-04
4.095285636111313304e-04
4.161089390363807662e-04
4.038345069689459866e-04
4.074678256990858262e-04
3.959293626149411089e-04
4.097380500615936910e-04
4.186655676122771983e-04
4.004444135231883107e-04
3.973011628292034861e-04
4.087781306275242547e-04
4.095824357192736731e-04
4.016853027198241839e-04
3.907245051100629966e-04
4.028697418159051251e-04
4.190887471733140742e-04
4.017345093040173079e-04
4.005206315457887222e-04
4.061818037905187153e-04
4.124557641188087483e-04
4.033262505714431726e-04
4.023048113641668547e-04
3.999361676084222457e-04
4.172664568117149869e-04
4.051195547246707750e-04
4.166903923158169821e-04
4.047997379915485800e-04
4.029574108429603580e-04
4.038418951055399255e-04
4.138036089858135682e-04
3.966334371765980592e-04
3.999231117634580255e-04
4.037099512468564377e-04
4.146574663203166414e-04
4.053965061244501635e-04
4.117497224018602732e-04
4.039249504651166631e-04
4.206013217872298310e-04
