9.316295336921880110e-02
8.378248681052047342e-02
7.349217048923108175e-02
7.364017623819464620e-02
7.671323615042469068e-02
7.976423870893861734e-02
8.863686673157603058e-02
8.065844359276690134e-02
6.727560192508862114e-02
7.173045926672157180e-02
6.906018033355963703e-02
8.291747383146999550e-02
7.547257957523297034e-02
9.165949024989386573e-02
7.920852855609686327e-02
7.832467090875255833e-02
7.149300367833379133e-02
8.036258843115008654e-02
7.740023711878210588e-02
7.346184577680450745e-02
8.595967476397915752e-02
8.088092407783853410e-02
6.302976234257942623e-02
7.998489809596255606e-02
7.394887863076034240e-02
6.115642795372659701e-02
7.689345280397091864e-02
7.508198927337420003e-02
7.608872321790213777e-02
7.157473924225835060e-02
8.744652606994497701e-02
1.244990054207951946e+00
6.737283082820644253e-02
7.438415193091256483e-02
1.960813720036362895e-01
7.384486007693809306e-02
8.533541042812328725e-02
6.617349981827311267e-02
7.376859767570888293e-02
8.434049410075454556e-02
8.237236268573755460e-02
7.000660873102332316e-02
7.571468280290029329e-02
6.978429857674368908e-02
8.571435371126544245e-02
6.999169888489838176e-02
7.549900285470635686e-02
7.058167374372857628e-02
7.201472688885966755e-02
8.097580011123806099e-02
8.753302743946586584e-02
6.573923835717968012e-02
6.452054495785190802e-02
7.293955625375263263e-02
8.301475997118651362e-02
7.775525652199902216e-02
8.125585038684765560e-02
1.688647166711255476e+00
7.033864752504269402e-02
8.102725065899006596e-02
7.721414362868422865e-02
6.652808342630020522e-02
6.941983348468329373e-02
7.313312847303660158e-02
8.400842280724249433e-02
8.169627764093038980e-02
7.078026697446274107e-02
6.124406039219226078e-02
7.240394540078005925e-02
8.169035654042003380e-02
7.967553082168299383e-02
7.524707472414621234e-02
1.497007574474265579e-01
1.604388359303176026e-01
7.942769290837031759e-02
1.007188275881483325e-01
8.041578477503372180e-02
6.966552734589463725e-02
7.210522350174802808e-02
6.696462456383138473e-02
7.415263369393536308e-02
7.521798397641510370e-02
7.258979795019347703e-02
8.272918973716998636e-02
6.912175437503625952e-02
6.678778785821454234e-02
7.400590756749629573e-02
8.597193390189777906e-02
7.528303902645959444e-02
5.687529990175257261e-02
9.709131547118332595e-02
6.929833825298720162e-02
8.430432042584649899e-02
6.053855966106529152e-02
7.387196962124512045e-02
2.799040605235879053e-01
6.726604526834309428e-02
7.341858510885018729e-02
7.203030077543998155e-02
7.528470545057829033e-02
