2.782296998405844337e-06
2.768530079300523688e-06
2.826367592003438871e-06
2.798721112885473758e-06
2.738581103421450223e-06
2.778976716508198399e-06
2.741320068339813810e-06
2.756106462366632393e-06
2.754161131622133378e-06
2.777692430298712059e-06
2.773684918237774369e-06
2.736128939714929682e-06
2.786018428969193757e-06
2.767916950231216357e-06
2.807264106709837563e-06
2.788438204594656036e-06
2.714807436946939754e-06
2.752291727547050355e-06
2.740611759251847091e-06
2.763852112318883183e-06
2.786531724076733785e-06
2.760035757063783114e-06
2.789528350436466193e-06
2.780898788976891751e-06
2.767029660655194761e-06
2.803832134722605124e-06
2.726659884069942728e-06
2.753555651821363556e-06
2.746402898926927007e-06
2.725999692816923440e-06
2.785846900672047752e-06
2.793386762598073296e-06
2.708028232398011123e-06
2.765406736819389713e-06
2.707439271282697198e-06
2.732773710892848155e-06
2.772680795459974937e-06
2.816458097823536665e-06
2.783022007496123473e-06
2.762019869625187773e-06
2.770181044070704404e-06
2.752489906690680752e-06
2.776643371145293798e-06
2.778521233804797344e-06
2.772206247967254674e-06
2.757330259148431957e-06
2.787977018208230864e-06
2.771318753166522647e-06
2.780203410673724033e-06
2.791101892331940704e-06
2.708919941548486693e-06
2.724263580434474043e-06
2.782086080564015861e-06
2.736408166422027331e-06
2.744853980854671599e-06
2.805663025464164003e-06
2.761642452251829882e-06
2.788863820140947275e-06
2.749120817909898980e-06
2.794214787214216570e-06
2.744112995538235160e-06
2.771153799239014962e-06
2.789074525577122434e-06
2.773630448396931841e-06
2.795195108364982240e-06
2.796461165509950977e-06
2.742551466421860658e-06
2.786279719728351904e-06
2.764709863134057223e-06
2.767880385533329319e-06
2.737726035113464465e-06
2.747396165222790956e-06
2.775108824749546808e-06
2.780025731077388231e-06
2.801946849707931315e-06
2.744710980112324801e-06
2.809897003275681500e-06
2.753835494729333492e-06
2.731636538130740392e-06
2.753953611934788720e-06
2.735426882804056185e-06
2.756587028894357480e-06
2.795732982933817163e-06
2.751863581888652539e-06
2.715928245322786873e-06
2.790490343115668300e-06
2.775396900863914646e-06
2.742513486907768179e-06
2.778478829275551593e-06
2.784357798231718554e-06
2.728978699047366891e-06
2.761210633294990507e-06
2.777859623360220960e-06
2.777890492532988639e-06
2.762728310089246595e-06
2.762995327814047520e-06
2.763990361166135562e-06
2.791472871566503927e-06
2.758204624632625569e-06
2.774117319820290930e-06
