1.567993469677475327e+00
1.689811411484831938e+00
1.829544610675658989e+00
1.836494232627554402e+00
1.004459631157273103e+00
1.727598439946474773e+00
1.526342750770896428e+00
1.710551521974805533e+00
1.623443571428088150e+00
1.532116800829680603e+00
1.596187882155092108e+00
1.571301524727833243e+00
1.741148648848126923e+00
1.496437949132807699e+00
1.614076374834725325e+00
1.648257046770089884e+00
1.528046227687114067e+00
1.606236669652461924e+00
1.443870519109682116e+00
1.808185438068953488e+00
1.744990671172494290e+00
1.620469249716746329e+00
1.394891702314508874e+00
1.608106463324199709e+00
1.104643825095734444e+00
1.404550519181877677e+00
1.665972839975153219e+00
1.660731334005302262e+00
1.673380722541939480e+00
1.746080211606277244e+00
1.612474726581929696e+00
1.693564278137827728e+00
1.639338638092145750e+00
1.709542494071642160e+00
1.643233809824753866e+00
1.543236074090970300e+00
1.394572324672357588e+00
1.655435818282946947e+00
1.538835441655475034e+00
1.642753464985700074e+00
1.741269206732237507e+00
1.542960354980277282e+00
1.521018478676459562e+00
1.155099294680177247e+00
1.579348541019166552e+00
1.715326795915098401e+00
1.813073917993997197e+00
1.491619379340752172e+00
1.625151417531488285e+00
1.555252347371042010e+00
1.404619711430589168e+00
1.648623022312132314e+00
1.643024652657034013e+00
1.707639283737900859e+00
1.697650954502829768e+00
1.586788586029350911e+00
1.589203422269261479e+00
1.654367555145679569e+00
1.427776111707703244e+00
1.887855454497529895e+00
1.491409694484530979e+00
1.650609004089377718e+00
1.771755240650309871e+00
1.420957101530032629e+00
1.582058313370584335e+00
1.674825837919878602e+00
1.805817465026759550e+00
1.580404876094194222e+00
1.135618293184617045e+00
1.213305245799636056e+00
1.949521144919330817e+00
1.530799391910212970e+00
1.736996631642284239e+00
1.598649394191747675e+00
1.250735379698773908e+00
1.439070362805383807e+00
1.748718127948343914e+00
1.603420939741545759e+00
1.704063952388476189e+00
1.578091167183677923e+00
1.763172610071851887e+00
1.784893091774717444e+00
1.587637394752630993e+00
1.909321271134792886e+00
1.588836348613297922e+00
1.578759327566091830e+00
1.410246830693109077e+00
1.684311054654562323e+00
1.598254119862936529e+00
1.522129223057988368e+00
1.579844216316981464e+00
1.672541369552036583e+00
1.452357946930421750e+00
1.829608565790230124e+00
1.588008021340684195e+00
1.636289724858088546e+00
1.682455222098109049e+00
1.649786324750275979e+00
1.753726393841943176e+00
1.824256435643594632e+00
