1.397314412166395181e+00
1.285545514666577072e+00
1.682020922705808497e+00
1.636319586922368119e+00
1.621915071757292548e+00
1.514921928151745867e+00
1.338970604134758213e+00
1.655132170662114044e+00
1.336814153598538502e+00
1.540877254139953134e+00
1.626963042003006565e+00
1.712541582138267238e+00
1.687134658011763433e+00
1.721367811822461791e+00
1.497045318527168378e+00
1.529518187095421311e+00
1.556939937638620375e+00
1.650870487491638228e+00
1.456658043365184785e+00
1.770308762638233446e+00
1.353494817099593073e+00
1.276598427677194003e+00
1.369116422699272917e+00
1.671230753840542649e+00
1.475566193630369893e+00
1.537417272926064893e+00
1.374108844110770722e+00
1.342462334998414386e+00
1.437532979047640991e+00
1.636679733343832766e+00
1.568295390821146995e+00
1.621648570174154314e+00
1.388807659120839366e+00
1.424083466065504178e+00
1.690483032128093033e+00
1.635049516244640344e+00
1.702828399115728475e+00
1.274063284882394509e+00
1.470509193336998921e+00
1.447889776626324343e+00
1.610148584679566897e+00
1.638623936823677685e+00
1.479410039475413718e+00
1.575747569226598976e+00
1.494593640597145168e+00
1.642564540689931851e+00
1.392053403426232627e+00
1.477713153014124314e+00
1.573106274118293957e+00
1.568136030757462995e+00
1.323387569601443658e+00
1.760281901745525568e+00
1.706125586630464985e+00
1.627577054440356719e+00
1.229085989265008116e+00
1.597875670796232939e+00
1.500928590020289999e+00
1.627399447011810496e+00
1.465246783536007458e+00
1.327631855909479741e+00
1.421234003554488368e+00
1.779331042898844251e+00
1.466168704370307552e+00
1.565722778244422075e+00
1.172914073322378181e+00
1.690321089982812719e+00
1.626576235048205588e+00
1.246215082018188980e+00
1.400323025671541766e+00
1.730241087720075788e+00
1.596653990667548761e+00
1.758517279330306105e+00
1.439980265372052814e+00
1.497323034791100627e+00
1.474201922116621599e+00
1.513688623383099063e+00
1.536470068643425835e+00
1.750542442175716307e+00
1.361676085360498778e+00
1.626746390001712728e+00
1.481098571901361849e+00
1.594095598676014802e+00
1.514370552937348569e+00
1.639646474011672517e+00
1.596909409506128918e+00
1.071320052760246444e+00
1.571368234378863304e+00
1.811346441523284945e+00
1.433224101823769914e+00
1.374980228126363890e+00
1.621946612475905214e+00
1.381710761379776109e+00
1.647161561171382571e+00
1.400206385892957428e+00
1.336612252531900191e+00
1.713952666523437696e+00
1.882339889691465151e+00
1.283083213438640957e+00
1.695670735326814560e+00
1.679958937969904698e+00
