1.410406348116110875e+00
1.280521166757829343e+00
9.192948364647192117e-01
1.212947595834637848e+00
1.141154748985328871e+00
1.476412916862112512e+00
1.252581164972946803e+00
9.863344302817909082e-01
1.546465989695410048e+00
1.140774925615097635e+00
1.236622234638694362e+00
1.121514714584302519e+00
1.303439521471160489e+00
1.344917606884328709e+00
1.313167229454083040e+00
1.430086922752576317e+00
1.297293428089853373e+00
1.303741359114933607e+00
1.392408688868055799e+00
1.174804349622577515e+00
1.151136133162463659e+00
1.412652915061678005e+00
1.534580593666663217e+00
1.235650107543352139e+00
1.091178228647417425e+00
1.197686626184370828e+00
1.307854244377694597e+00
1.399942685239103701e+00
1.274717474062231348e+00
1.387402796933002280e+00
1.153316422943078789e+00
1.439498541420254574e+00
1.041465321543096234e+00
1.469049904229347003e+00
1.382285096787366552e+00
1.098334697621446310e+00
1.330043567899640511e+00
1.302695328989925461e+00
1.138454866670713050e+00
1.061825270095425822e+00
1.077627606660995108e+00
1.188714193328451296e+00
1.070133936970288691e+00
1.379646632359305958e+00
1.205424173918172803e+00
1.078437177741343511e+00
1.218603700585934257e+00
1.265329887413285004e+00
1.410367937196461918e+00
1.255821381945766424e+00
1.263332106352394346e+00
1.132958034450362250e+00
1.276604299896536787e+00
1.275003459178042586e+00
1.412611285266691663e+00
1.245792619045064331e+00
1.254080562089064266e+00
1.293000923078846176e+00
1.227104403934939691e+00
1.428066702206259864e+00
1.192901193259813697e+00
1.112599867902979378e+00
1.009964684568398940e+00
1.186988065723719954e+00
1.230884557621977349e+00
1.378524649239591060e+00
1.467805891932870921e+00
1.103801773138100462e+00
1.174088827814184555e+00
1.373324921995509262e+00
1.298277946010347961e+00
1.153792641384697948e+00
1.247166230608770743e+00
1.142266095588112762e+00
1.129764774563988494e+00
1.229786304268277286e+00
1.116822085027442180e+00
1.396778098322393413e+00
1.122480375409522280e+00
1.400378079610940407e+00
1.152443472396425195e+00
1.199743937156417806e+00
1.432438190628052332e+00
1.018536733344085565e+00
1.079871463782935859e+00
1.146350957419277838e+00
1.292428112034533561e+00
1.352455703430238687e+00
1.351187054937082355e+00
1.248316535571678765e+00
1.320017160201172102e+00
1.325400521099264539e+00
1.243149628073597412e+00
1.117372799936347638e+00
1.219662746346629190e+00
1.121694135794378377e+00
1.339420307879811478e+00
1.258176907440135883e+00
1.280836590259347263e+00
1.229318802555416479e+00
