4.241500754544532903e+00
4.215901562104523492e+00
4.235937732521225740e+00
4.367620390456103507e+00
4.696014906578765746e+00
4.573846882449396745e+00
3.927674062206149674e+00
4.341793121136682032e+00
4.790958433273449835e+00
4.135135298971923667e+00
4.610869373392366022e+00
4.837495469291122063e+00
3.978934354432765996e+00
4.103235496644632718e+00
4.169225255090314164e+00
4.186801247488249444e+00
3.785509281779282365e+00
4.023001452462261263e+00
4.693558290848343084e+00
4.139821659926957054e+00
4.109281798905436212e+00
4.653895363586466161e+00
4.469296158361144577e+00
4.095728709525444877e+00
4.191912350876322968e+00
3.963192490752982078e+00
4.408097417698900067e+00
4.660409543075574312e+00
4.051370604979947387e+00
4.171518094427760559e+00
3.788538603514864711e+00
4.021061792880976427e+00
4.238058759008468179e+00
4.082186904845007014e+00
4.237513512079154054e+00
3.842054114630924389e+00
3.918725061719610547e+00
4.477114281334726442e+00
3.992739172138065840e+00
4.086519247978015912e+00
4.239545815517772098e+00
3.876897904258721717e+00
4.511673642347323820e+00
4.642419141974269969e+00
4.028265762704091202e+00
4.377864600758458735e+00
4.041092873877697222e+00
4.087214654136115399e+00
4.106216220493943858e+00
4.232668677737070340e+00
4.423119542729245346e+00
3.807766107886044971e+00
4.141346550033351726e+00
4.536871225287365306e+00
4.595163274917370089e+00
4.694802040748993655e+00
4.098109233994589928e+00
4.474446392645007542e+00
4.457850176651557916e+00
4.569567343042669982e+00
4.216843818541881284e+00
3.874906205071156240e+00
3.934580395607099046e+00
4.540855970608761005e+00
3.971446232620399197e+00
4.251845049373705443e+00
3.969896103947116117e+00
4.377688813022851733e+00
3.773264338499285220e+00
4.439324521295421988e+00
4.176017615183793552e+00
4.016153567090752219e+00
3.718248075984065260e+00
3.863466878418103878e+00
4.006432717234220675e+00
4.740915461110442486e+00
4.747421153863116139e+00
4.157014058252156197e+00
4.389366611420423503e+00
4.420056785086944551e+00
3.960003752737148108e+00
3.999185915326805230e+00
4.167663790840841820e+00
4.596094584173874509e+00
4.363671090493983939e+00
3.942955622522485548e+00
4.615279703084611107e+00
4.477705722267315558e+00
4.329991587129729425e+00
4.515304556128829638e+00
4.273855538839641532e+00
4.382874817375509657e+00
4.482304366834326537e+00
4.210204330833044573e+00
3.976958353478562636e+00
4.230044171541372577e+00
4.086909110616777419e+00
4.127422604812557516e+00
4.209899409517104729e+00
4.537676498409722647e+00
