1.130855882257519207e+00
1.084685715532685890e+00
1.240726016688262101e+00
1.223754372754093822e+00
1.218356113710738819e+00
1.177484823186161433e+00
1.106995138056447114e+00
1.230768952660742821e+00
1.106103355151728307e+00
1.187528973271654298e+00
1.220250617169632790e+00
1.251932041786328442e+00
1.242610633369448658e+00
1.255154047913257909e+00
1.170516839251023899e+00
1.183143752688274875e+00
1.193702550184586819e+00
1.229183421269614662e+00
1.154619792212276952e+00
1.272871907607528108e+00
1.112982897096093104e+00
1.080904549448969520e+00
1.119387317521611802e+00
1.236739983387338926e+00
1.162089401867135496e+00
1.186194948424807771e+00
1.121426358130484191e+00
1.108437594068224286e+00
1.147015008387038959e+00
1.223889036701646171e+00
1.198047742667925686e+00
1.218256013780191438e+00
1.127408341133938396e+00
1.141636680930047110e+00
1.243843096620212973e+00
1.223279356666601370e+00
1.248376642941103176e+00
1.079830754781521795e+00
1.160096360076417366e+00
1.151139464204175233e+00
1.213928672704123413e+00
1.224615746713763276e+00
1.163602037240742515e+00
1.200890792728926515e+00
1.169557981776081279e+00
1.226087355807426338e+00
1.128724989869809514e+00
1.162934518768971692e+00
1.199883893732278661e+00
1.197986872178867568e+00
1.100534642288087950e+00
1.269262076046031584e+00
1.249584674617277846e+00
1.220480855459737279e+00
1.060599275670017771e+00
1.209293404650326309e+00
1.172033991326842939e+00
1.220414261875225836e+00
1.158018721229903347e+00
1.102298012706589780e+00
1.140493953029453778e+00
1.276111345930418750e+00
1.158382971716221510e+00
1.197064707931261740e+00
1.036080000989332062e+00
1.243783517363887370e+00
1.220105552570499352e+00
1.067964197473934007e+00
1.132072673127074713e+00
1.258384912442471526e+00
1.208831024427763356e+00
1.268625720609929841e+00
1.147990944416052761e+00
1.170625405265983021e+00
1.161552058269712973e+00
1.177005427746375066e+00
1.185829484192587824e+00
1.265745857010834419e+00
1.116341570189058441e+00
1.220169368077567817e+00
1.164265889523121489e+00
1.207862153431645158e+00
1.177270523353294518e+00
1.224997780633322320e+00
1.208927709705530651e+00
9.901929027368215896e-01
1.199220867251883815e+00
1.287540661516836771e+00
1.145294680561734779e+00
1.121781875139182816e+00
1.218367960089504543e+00
1.124524086645983800e+00
1.227801873095806462e+00
1.132025524200258593e+00
1.106019823765008514e+00
1.252447713353298742e+00
1.312529928434382764e+00
1.083646427902774656e+00
1.245750168686540649e+00
1.239965282197603713e+00
