1.136141226635751122e+00
1.082563980545535154e+00
9.172497510198098780e-01
1.053613219909013354e+00
1.021956624397905689e+00
1.162422774568816264e+00
1.070688481711914664e+00
9.501064991806305038e-01
1.189680597740780055e+00
1.021786535584711997e+00
1.063845883934876557e+00
1.013124178806154019e+00
1.092208707804351864e+00
1.109450759339670078e+00
1.096276766784570533e+00
1.144040528184016692e+00
1.089630625535132458e+00
1.092335161933691401e+00
1.128869019535462703e+00
1.036914541675987067e+00
1.026416288320358472e+00
1.137045718356284540e+00
1.185100122635207809e+00
1.063427649202921765e+00
9.993279592795402122e-01
1.046964104977543553e+00
1.094056788512332679e+00
1.131918922084276247e+00
1.080107947817184888e+00
1.126837976302757838e+00
1.027387861631718247e+00
1.147798906717300449e+00
9.762984479683803896e-01
1.159520594825164563e+00
1.124757777703529138e+00
1.002599639213265892e+00
1.103298749140281920e+00
1.091896867651428904e+00
1.020746974022790132e+00
9.857952485379278817e-01
9.931035777224910266e-01
1.043035082765500388e+00
9.896446031425636392e-01
1.123683812976876029e+00
1.050340569577241867e+00
9.934765437584534009e-01
1.056066918503328678e+00
1.076123400511756145e+00
1.136125755730308828e+00
1.072072432862202440e+00
1.075273539845682080e+00
1.018279742248976660e+00
1.080907035470088706e+00
1.080229103084724640e+00
1.137028964301421752e+00
1.067783163886794506e+00
1.071329121665401951e+00
1.087826438344856594e+00
1.059743958886833370e+00
1.143232174873939577e+00
1.044870405744429576e+00
1.009089516270733844e+00
9.614202963657652035e-01
1.042277513903715036e+00
1.061374999651909068e+00
1.123226808020480361e+00
1.159029541602044189e+00
1.005091813937003753e+00
1.036598723994227589e+00
1.121106428474110794e+00
1.090044008275524945e+00
1.027599950240547289e+00
1.068371670834262543e+00
1.022454134327219322e+00
1.016843711000051220e+00
1.060901389525080063e+00
1.011002405470953880e+00
1.130638840242190080e+00
1.013560251473767382e+00
1.132094926723791417e+00
1.026998970712021952e+00
1.047862923798440260e+00
1.144980625231020399e+00
9.654916904334356342e-01
9.941369698389791454e-01
1.024280703710268359e+00
1.087585453201622254e+00
1.112555581902612722e+00
1.112033652382415472e+00
1.068864255527074647e+00
1.099132325579732061e+00
1.101371313697868004e+00
1.066649893539358240e+00
1.011251641891171449e+00
1.056525714214537892e+00
1.013205215949115390e+00
1.107181018936000072e+00
1.073077396995194110e+00
1.082697303252321275e+00
1.060699720194433926e+00
