1.970243786058704094e+00
1.964289174149818740e+00
1.968951306529260759e+00
1.999321492281054935e+00
2.073122311116180061e+00
2.045978205008874617e+00
1.895954507820222901e+00
1.993401383217737965e+00
2.093974524055815412e+00
1.945382721058330322e+00
2.054241986779815843e+00
2.104119871015570631e+00
1.908286505622106777e+00
1.937864530441132160e+00
1.953385106264236670e+00
1.957498169496573182e+00
1.861325597151520350e+00
1.918824640695359962e+00
2.072579986271506414e+00
1.946484762879931774e+00
1.939291770180115559e+00
2.063804235620336769e+00
2.022459153910943108e+00
1.936091076781873754e+00
1.958692628388292389e+00
1.904507886262619243e+00
2.008564506763540702e+00
2.065248111017615518e+00
1.925578279777024227e+00
1.953922158394588493e+00
1.862070203236020793e+00
1.918362011565253766e+00
1.969444193286502776e+00
1.932887754930814994e+00
1.969317499910996805e+00
1.875175546636841606e+00
1.893793359374886576e+00
2.024227321085391829e+00
1.911594016499421400e+00
1.933913150459421137e+00
1.969789683770996946e+00
1.883659387485403292e+00
2.032024924329416837e+00
2.061258057398487775e+00
1.920079672040787333e+00
2.001664813390918507e+00
1.923134274390045473e+00
1.934077691212022776e+00
1.938568266602043400e+00
1.968191397811728915e+00
2.011984036986561364e+00
1.866789391164339174e+00
1.946843220601280011e+00
2.037691427375960984e+00
2.050740299060601846e+00
2.072854575425777224e+00
1.936653643666151003e+00
2.023624118040401321e+00
2.019867708861510014e+00
2.045020816879335790e+00
1.964508671769268133e+00
1.883175474195560639e+00
1.897620677505141407e+00
2.038586085707330131e+00
1.906490018188608859e+00
1.972644866785333573e+00
1.906117912776224443e+00
2.001624625800693558e+00
1.858312754539174216e+00
2.015666319310651655e+00
1.954975653026123528e+00
1.917190849640060701e+00
1.844715398983678867e+00
1.880393705967986717e+00
1.914869223361237882e+00
2.083009725882031926e+00
2.084438434705408127e+00
1.950522384773115681e+00
2.004292586255198572e+00
2.011287324344988914e+00
1.903741559776381820e+00
1.913136639837898612e+00
1.953019279706358580e+00
2.050948101977436266e+00
1.998417372266948044e+00
1.899639260635230587e+00
2.055224200574027549e+00
2.024361020080224449e+00
1.990690383243627570e+00
2.032842428435641668e+00
1.977744162737708811e+00
2.002809881537680692e+00
2.025400271922822348e+00
1.962961487427056673e+00
1.907812604334360840e+00
1.967581105358719773e+00
1.934005397975794072e+00
1.943567648069973730e+00
1.962890403034160069e+00
2.037872259633501049e+00
