1.917639331494018495e-02
1.908444011810379176e-02
1.939764568120408081e-02
1.931553397094505978e-02
1.957568161960322045e-02
1.934569292710576829e-02
1.941395276555069743e-02
1.920421329325372808e-02
1.908231486474028585e-02
1.911924763985726333e-02
1.940459544126001135e-02
1.932008276034717989e-02
1.917679330329648615e-02
1.933145496913050293e-02
1.898633579904406357e-02
1.921064427772896030e-02
1.927120754980640727e-02
1.906948312052750977e-02
1.927318143342759624e-02
1.920147531909132538e-02
1.931337821132140045e-02
1.903869945659288423e-02
1.929323409550035007e-02
1.930201334571282276e-02
1.922367179107892232e-02
1.896191333684382752e-02
1.915867906719542074e-02
1.913982435717738462e-02
1.934057489983700626e-02
1.913544675842128798e-02
1.917320306194737062e-02
1.918166799983659493e-02
1.907509593471913567e-02
1.936828388198130399e-02
1.921600575032256231e-02
1.934411483673589491e-02
1.937965954950456038e-02
1.956791079688263019e-02
1.929390504880930737e-02
1.937218299045963613e-02
1.926216143321331578e-02
1.884356061855052902e-02
1.951340261693043296e-02
1.935411092583616197e-02
1.914568387351495496e-02
1.904190412100631100e-02
1.905063611709581495e-02
1.932875938715132927e-02
1.938368725682105415e-02
1.927960951293020489e-02
1.931539668505641988e-02
1.924349802609122417e-02
1.942612218257272483e-02
1.924238764184368553e-02
1.893640676396355152e-02
1.911106560762486709e-02
1.926142475506927021e-02
1.915071050168459799e-02
1.951833514287247898e-02
1.922162595579406455e-02
1.947091485901941005e-02
1.925389354729382940e-02
1.925293760784968153e-02
1.934455402946372304e-02
1.949935049475285537e-02
1.920960062542646091e-02
1.929582198151650468e-02
1.902065543401523784e-02
1.934950106395330952e-02
1.955916206225107729e-02
1.912880070821630293e-02
1.905357794448561334e-02
1.932682211886775983e-02
1.934582634320353503e-02
1.915841575721921597e-02
1.889521977823947763e-02
1.918664092913083610e-02
1.956904458871422739e-02
1.915958917745946843e-02
1.913062104825278067e-02
1.926534784474398174e-02
1.941356577569723976e-02
1.919750844883758370e-02
1.917318382488661377e-02
1.911665767251671463e-02
1.952645297655554446e-02
1.924013992692404779e-02
1.951296952837014778e-02
1.923254397960453069e-02
1.918872843095646707e-02
1.920977634407082177e-02
1.944526024461178809e-02
1.903755997875784464e-02
1.911634564002757941e-02
1.920663796354624489e-02
1.946531193276995406e-02
1.924671536032438596e-02
1.939694258922447165e-02
1.921175161320071503e-02
1.960432706838559011e-02
