1.594477394509093322e-03
1.590527733066169833e-03
1.607055758047096043e-03
1.599176631444966740e-03
1.581901458358442054e-03
1.593525717743199659e-03
1.582692322245910855e-03
1.586955020349983987e-03
1.586394864678643659e-03
1.593157456362052525e-03
1.592007778637323989e-03
1.581193071436197070e-03
1.595543375978125851e-03
1.590351601191217516e-03
1.601615485820704439e-03
1.596236124268055273e-03
1.575020235842028308e-03
1.585856385576310968e-03
1.582487839049734465e-03
1.589183412853347951e-03
1.595690350398925456e-03
1.588085853489803936e-03
1.596548119729688771e-03
1.594076701576230314e-03
1.590096677447482270e-03
1.600636172818084828e-03
1.578454643915582932e-03
1.586220477125106732e-03
1.584158920679416610e-03
1.578263541049888374e-03
1.595494258382913408e-03
1.597651892704622743e-03
1.573052498053407024e-03
1.589630295691206625e-03
1.572881429465249536e-03
1.580223290387640107e-03
1.591719585128684557e-03
1.604236044687768880e-03
1.594685124903731004e-03
1.588656566207024114e-03
1.591001904163563121e-03
1.585913479451928022e-03
1.592856581753558003e-03
1.593395120545111057e-03
1.591583366985246158e-03
1.587307309880850621e-03
1.596104116176528132e-03
1.591328581643508024e-03
1.593877385502480036e-03
1.596998353758145471e-03
1.573311466892242296e-03
1.577760885219330880e-03
1.594416957017179238e-03
1.581273751126495864e-03
1.583712140193474808e-03
1.601158691918551195e-03
1.588548021174624294e-03
1.596357941023104129e-03
1.584942591365694252e-03
1.597888665695250225e-03
1.583498360761383464e-03
1.591281221554494314e-03
1.596418244244229064e-03
1.591992146574090512e-03
1.598168942410942974e-03
1.598530839177521659e-03
1.583047754196023095e-03
1.595618194393035559e-03
1.589429992186980204e-03
1.590341096736256482e-03
1.581654480205859931e-03
1.584445358882269469e-03
1.592416364949860623e-03
1.593826453255173855e-03
1.600097951790421412e-03
1.583670885729113664e-03
1.602366376986346253e-03
1.586301078596356884e-03
1.579894471748547000e-03
1.586335097956202310e-03
1.580990201109996711e-03
1.587093368456799283e-03
1.598322701459586924e-03
1.585733033112077511e-03
1.575345325880720977e-03
1.596823387627843488e-03
1.592499014900440948e-03
1.583036792944542831e-03
1.593382961662363631e-03
1.595067786281039552e-03
1.579125678549134866e-03
1.588423821178017344e-03
1.593205402790820978e-03
1.593214255073310262e-03
1.588860293277880162e-03
1.588937073106075565e-03
1.589223158110807067e-03
1.597104482728810282e-03
1.587558962128648001e-03
1.592131866245750796e-03
