2.919993038200970337e-01
2.769088369748495815e-01
2.593467016775171108e-01
2.596077192541651479e-01
2.649691692379362307e-01
2.701869099411601249e-01
2.848179721018557209e-01
2.716971675476920756e-01
2.481355493166400583e-01
2.562193929541317639e-01
2.514050783878675199e-01
2.754756543601218355e-01
2.628178082174528751e-01
2.896335790788426290e-01
2.692440811805068557e-01
2.677376712138776482e-01
2.557949487052261217e-01
2.711984171841453906e-01
2.661529828194303948e-01
2.592931896806168202e-01
2.804836652513300610e-01
2.720716211653851913e-01
2.401778909950532670e-01
2.705603736838783635e-01
2.601512928485182896e-01
2.365817542143730801e-01
2.652802227620557618e-01
2.621368506574909274e-01
2.638884246340393314e-01
2.559411278486053432e-01
2.828990393931290481e-01
1.067439164704684806e+00
2.483147913894383496e-01
2.609158126793987287e-01
4.236218579952501506e-01
2.599682604314492718e-01
2.794633321206439480e-01
2.460946907808224393e-01
2.598339861899931491e-01
2.778294394208267737e-01
2.745686533479335112e-01
2.531218944106199964e-01
2.632390081678579463e-01
2.527196730138144276e-01
2.800831419145274892e-01
2.530949383165365663e-01
2.628638110221595547e-01
2.541593953190452448e-01
2.567265893380060171e-01
2.722311489591561773e-01
2.830389254856323089e-01
2.452858673864922734e-01
2.430016405501650989e-01
2.583698009255144812e-01
2.756372132291092791e-01
2.667626797231033020e-01
2.727014907486892126e-01
1.243167506035509406e+00
2.537214582846419875e-01
2.723176205812762318e-01
2.658328342900259100e-01
2.467531459092384971e-01
2.520588647863145071e-01
2.587124139061945383e-01
2.772819552386909248e-01
2.734395475019743560e-01
2.545167039386046492e-01
2.367511952290365096e-01
2.574194204832466193e-01
2.734296382843925399e-01
2.700366271965384257e-01
2.624248772476738822e-01
3.701452589545318750e-01
3.831906850469549708e-01
2.696163134633401959e-01
3.036096163577214346e-01
2.712881627851072008e-01
2.525045199659700090e-01
2.568878451915891370e-01
2.475613893319271175e-01
2.605094502742672513e-01
2.623741452164416454e-01
2.577495916734058867e-01
2.751627096955057694e-01
2.515171297732651245e-01
2.472342996135483417e-01
2.602515870829318345e-01
2.805036651254538826e-01
2.624875826764940800e-01
2.281508241994082142e-01
2.980920438848920218e-01
2.518381975827416741e-01
2.777698524467157037e-01
2.353836181045213805e-01
2.600159751563763666e-01
5.061331598908005436e-01
2.481179245728761529e-01
2.592168313454669137e-01
2.567543476508991063e-01
2.624904878010992371e-01
