1.197932415747559709e+00
1.243595985683446203e+00
1.293992305682611921e+00
1.296447625327681985e+00
9.587964907384876057e-01
1.257423561202877682e+00
1.181914950806130626e+00
1.251204426083539545e+00
1.218930070512806996e+00
1.184148392204890987e+00
1.208654565545188797e+00
1.199195411584367266e+00
1.262345154195847252e+00
1.170279368742141779e+00
1.215408397271575014e+00
1.228210095257542100e+00
1.182574305788235192e+00
1.212453133828939711e+00
1.149540605864403098e+00
1.286416719251106233e+00
1.263737133488487929e+00
1.217812953684350274e+00
1.129875099316035358e+00
1.213158626944706997e+00
1.005475115631617289e+00
1.133780216028929200e+00
1.234792976691638566e+00
1.232848985367744454e+00
1.237535234923295535e+00
1.264131599163214270e+00
1.214805222625387371e+00
1.244976157905012037e+00
1.224882781447379498e+00
1.250835338570089217e+00
1.226337117333741844e+00
1.188437577711009885e+00
1.129745742498381889e+00
1.230881844830915339e+00
1.186741916660183360e+00
1.226157864765909267e+00
1.262388856101094969e+00
1.188331408086448437e+00
1.179851739861587978e+00
1.028181656552657364e+00
1.202262175496284780e+00
1.252949675990988831e+00
1.288154477321767022e+00
1.168393684263190124e+00
1.219571052990434445e+00
1.193055438843036109e+00
1.133808142342539904e+00
1.228346442287812756e+00
1.226259068379567774e+00
1.250138875717412335e+00
1.246477355438274204e+00
1.205090675585574811e+00
1.206007303776835293e+00
1.230484632844700110e+00
1.143115853518309022e+00
1.314451485895571148e+00
1.168311557724833305e+00
1.229086071479424502e+00
1.273391818405690046e+00
1.140382845193789407e+00
1.203293126073592179e+00
1.238069481324638677e+00
1.285574107089670903e+00
1.202664170175523406e+00
1.019474534641664709e+00
1.053768542760122884e+00
1.335746876059952459e+00
1.183639180653567546e+00
1.260839134827916208e+00
1.209586151256828890e+00
1.069899315439778453e+00
1.147628187719081261e+00
1.265086141473348080e+00
1.211389953635844785e+00
1.248829464891780372e+00
1.201783499016344292e+00
1.270303830029321679e+00
1.278104301533524723e+00
1.205412947478464059e+00
1.321903333065470809e+00
1.205868014158475665e+00
1.202037888357572637e+00
1.136076975845336623e+00
1.241570375915302060e+00
1.209436603797023890e+00
1.180282462611402128e+00
1.202450824453677125e+00
1.237224827622513290e+00
1.152914297198762483e+00
1.294014922431735881e+00
1.205553638299629249e+00
1.223743206231746372e+00
1.240886184665248138e+00
1.228779739169103102e+00
1.266896426881662485e+00
1.292120853730517993e+00
